     33 2
    228 3
    891 4
   1044 5
   1002 6
   1157 7
   1135 8
   1113 9
   1085 10
    983 11
    834 12
    613 13
    501 14
    384 15
    296 16
    193 17
    104 18
    110 19
     73 20
     64 21
     43 22
     34 23
     30 24
     22 25
     21 26
     18 27
     14 28
      7 29
     10 30
      6 31
      3 32
      3 33
      3 34
      5 35
      1 36
      2 37
      2 38
      1 39
      3 40
      3 41
      4 42
      1 43
      2 45
      1 46
      1 49
      1 53
      1 56
      1 74
      1 80
      1 104
      1 118
