   1344 2
   3922 3
   3146 4
   3705 5
   2901 6
   3297 7
   3484 8
   2450 9
   2941 10
   2982 11
   3150 12
   4777 13
   1397 14
   1230 15
    947 16
    390 17
    132 18
    219 19
    115 20
     76 21
     58 22
     55 23
     36 24
     26 25
     22 26
     28 27
     16 28
      7 29
     10 30
      6 31
      3 32
      4 33
      3 34
      5 35
      1 36
      2 37
      2 38
      1 39
      3 40
      5 41
      4 42
      1 43
      2 45
      1 46
      1 49
      1 53
      1 56
      1 74
      1 80
      1 104
      1 118
